0.00025031289111389235
0.0005006257822277847
0.00025031289111389235
0.00025031289111389235
0.000750938673341677
0.00025031289111389235
0.0
0.0
0.041551939924906134
0.00025031289111389235
0.0
0.02327909887359199
0.02327909887359199
0.00025031289111389235
0.0
0.020275344180225283
0.0005006257822277847
0.0
0.0
0.00025031289111389235
0.0
0.0
0.00025031289111389235
0.00025031289111389235
0.001501877346683354
0.00025031289111389235
0.0
0.0017521902377972466
0.0017521902377972466
0.00025031289111389235
0.0005006257822277847
0.0
0.00025031289111389235
0.00025031289111389235
0.00025031289111389235
0.00025031289111389235
0.00025031289111389235
0.0
0.0
0.00025031289111389235
0.00025031289111389235
0.0010012515644555694
0.0005006257822277847
0.0
0.04230287859824781
0.0
0.00025031289111389235
0.14042553191489363
0.00025031289111389235
0.00025031289111389235
0.0
0.0010012515644555694
0.00025031289111389235
0.0022528160200250315
0.0
0.02428035043804756
0.00025031289111389235
0.0
0.0012515644555694619
0.0
0.003504380475594493
0.00025031289111389235
0.00025031289111389235
0.0
0.0
0.0025031289111389237
0.000750938673341677
0.00025031289111389235
0.0005006257822277847
0.00025031289111389235
0.000750938673341677
0.0
0.00025031289111389235
0.0
0.0
0.0
0.020275344180225283
0.000750938673341677
0.0005006257822277847
0.0005006257822277847
0.00025031289111389235
0.024530663329161453
0.00025031289111389235
0.0
0.0
0.0005006257822277847
0.00025031289111389235
0.0
0.00025031289111389235
0.0
0.00025031289111389235
0.0
0.0
0.0
0.00025031289111389235
0.00025031289111389235
0.0
0.001501877346683354
0.0005006257822277847
0.0
0.00025031289111389235
0.003003754693366708
0.00025031289111389235
0.0
0.00025031289111389235
0.047809762202753445
0.0
0.00025031289111389235
0.0
0.0
0.00025031289111389235
0.0
0.0005006257822277847
0.0
0.00025031289111389235
0.00025031289111389235
0.00025031289111389235
0.1927409261576971
0.0
0.0005006257822277847
0.00025031289111389235
0.0
0.0
0.0
0.0
0.0
0.00025031289111389235
0.22828535669586983
0.0
0.00025031289111389235
0.00025031289111389235
0.0
0.0005006257822277847
0.0
0.0
0.0
0.0
0.0010012515644555694
0.0005006257822277847
0.0
0.0
0.00025031289111389235
0.00025031289111389235
0.00025031289111389235
0.00025031289111389235
0.0
0.0
0.00025031289111389235
0.00025031289111389235
0.0
0.0
0.0
0.0
0.03078848560700876
0.02002503128911139
0.0
0.0
0.00025031289111389235
0.00025031289111389235
0.0
0.00025031289111389235
0.0
0.0
0.00025031289111389235
0.0022528160200250315
0.003254067584480601
0.0022528160200250315
0.0
0.0005006257822277847
0.0
0.0025031289111389237
0.00025031289111389235
0.0
0.021526908635794744
0.020275344180225283
0.00025031289111389235
0.00025031289111389235
0.0
0.0
0.0
0.00025031289111389235
0.0
0.0
0.0
0.0
0.0
0.0
0.0
0.00025031289111389235
0.0
0.0
0.0
0.0
0.0
0.0
0.02002503128911139
0.005757196495619525
0.00025031289111389235
0.0
0.0
0.0
0.00025031289111389235
0.00425531914893617
0.0
0.0
0.0
0.00025031289111389235
0.0
0.0
0.0005006257822277847
0.0
0.00025031289111389235
0.0
0.0005006257822277847
0.0
0.05506883604505632
0.054568210262828536
0.0
0.0
0.00025031289111389235
0.0
0.00025031289111389235
0.00025031289111389235
0.0
0.00025031289111389235
0.0
0.00025031289111389235
0.0
0.00025031289111389235
0.0
0.17947434292866082
0.00025031289111389235
0.0
0.0
0.00025031289111389235
0.00025031289111389235
0.0005006257822277847
0.00025031289111389235
0.0
0.0
0.0
0.00025031289111389235
0.00025031289111389235
0.0
0.0
0.020525657071339173
0.0
0.00025031289111389235
0.0
0.00025031289111389235
0.0
0.0005006257822277847
0.0005006257822277847
0.00025031289111389235
0.0
0.0
0.00025031289111389235
0.0
0.00025031289111389235
0.0
0.00025031289111389235
0.0005006257822277847
0.0
0.00025031289111389235
0.0005006257822277847
0.00025031289111389235
0.0
0.0
0.0
0.00025031289111389235
0.0
0.0
0.0
0.0
0.000750938673341677
0.0
0.0005006257822277847
0.0
0.0
0.0
0.0
0.0
0.0
0.0
0.0
0.00025031289111389235
0.0
0.0
0.0
0.0
0.000750938673341677
0.0005006257822277847
0.0
0.02002503128911139
0.02002503128911139
0.00025031289111389235
0.00025031289111389235
0.0
0.0
0.00025031289111389235
0.00025031289111389235
0.0
0.0
0.0
0.000750938673341677
0.00025031289111389235
0.0
0.0
0.0
0.056320400500625784
0.00025031289111389235
0.0
0.00025031289111389235
0.0
0.00025031289111389235
0.0005006257822277847
0.0
0.0
0.00025031289111389235
0.0005006257822277847
0.0
0.0
0.0012515644555694619
0.000750938673341677
0.02002503128911139
0.00025031289111389235
0.0
0.020525657071339173
0.0
0.0
0.0
0.0
0.00025031289111389235
0.0
0.00025031289111389235
0.0
0.0
0.0
0.0
0.00025031289111389235
0.0
0.00025031289111389235
0.0
0.0
0.0
0.00025031289111389235
0.0
0.00025031289111389235
0.00025031289111389235
0.00025031289111389235
0.0010012515644555694
0.00025031289111389235
0.0
0.0
0.0005006257822277847
0.0005006257822277847
0.0005006257822277847
0.000750938673341677
0.020275344180225283
0.00025031289111389235
0.0
0.001501877346683354
0.00025031289111389235
0.000750938673341677
0.0005006257822277847
0.0
0.0005006257822277847
0.00025031289111389235
0.02002503128911139
0.0
0.0
0.000750938673341677
0.0
0.00025031289111389235
0.00025031289111389235
0.0
0.0
0.0
0.0
0.0
0.0
0.0005006257822277847
0.0
0.00025031289111389235
0.0
0.00025031289111389235
0.000750938673341677
0.00025031289111389235
0.0005006257822277847
0.0
0.0
0.000750938673341677
0.00025031289111389235
0.00025031289111389235
0.00025031289111389235
0.00025031289111389235
0.00025031289111389235
0.0
0.0
0.000750938673341677
0.0
0.0
0.0
0.0
0.0
0.00025031289111389235
0.02002503128911139
0.0010012515644555694
0.00025031289111389235
0.0
0.0037546933667083854
0.0010012515644555694
0.0005006257822277847
0.00025031289111389235
0.0
0.00025031289111389235
0.00025031289111389235
0.0
0.00025031289111389235
0.000750938673341677
0.0005006257822277847
0.0
0.0
0.0
0.0
0.00025031289111389235
0.00025031289111389235
0.02002503128911139
0.00025031289111389235
0.00025031289111389235
0.0005006257822277847
0.0
0.0
0.00025031289111389235
0.0
0.0
0.0
0.00025031289111389235
0.0
0.0
0.0
0.00025031289111389235
0.0
0.0005006257822277847
0.020275344180225283
0.02002503128911139
0.00025031289111389235
0.0
0.00025031289111389235
0.0
0.0
0.0
0.0
0.0
0.00025031289111389235
0.0
0.00025031289111389235
0.021026282853566957
0.02002503128911139
0.0
0.0
0.0
0.00025031289111389235
0.00025031289111389235
0.0
0.00025031289111389235
0.000750938673341677
0.00025031289111389235
0.00025031289111389235
0.0
0.0
0.0
0.00025031289111389235
0.00025031289111389235
0.00025031289111389235
0.0
0.0
0.00025031289111389235
0.0
0.0
0.00025031289111389235
0.00025031289111389235
0.0
0.00025031289111389235
0.0
0.0
0.0
0.00025031289111389235
0.0
0.0
0.0005006257822277847
0.00025031289111389235
0.00025031289111389235
0.0
0.00025031289111389235
0.0
0.0005006257822277847
0.0
0.00025031289111389235
0.02002503128911139
0.0
0.00025031289111389235
0.0
0.0
0.0
0.0
0.0
0.0
0.0
0.0
0.0
0.00025031289111389235
0.02528160200250313
0.00025031289111389235
0.00025031289111389235
0.0
0.0
0.0012515644555694619
0.00025031289111389235
0.0
0.00025031289111389235
0.000750938673341677
0.020525657071339173
0.0005006257822277847
0.0
0.0
0.0017521902377972466
0.00025031289111389235
0.00025031289111389235
0.00025031289111389235
0.023529411764705882
0.0
0.00025031289111389235
0.0
0.0
0.0
0.004505632040050063
0.0017521902377972466
0.00025031289111389235
0.00025031289111389235
0.00025031289111389235
0.00025031289111389235
0.0005006257822277847
0.0
0.00025031289111389235
0.0
0.0005006257822277847
0.0
0.0
0.0
0.000750938673341677
0.0005006257822277847
0.02002503128911139
0.0005006257822277847
0.00025031289111389235
0.02002503128911139
0.00025031289111389235
0.002753441802252816
0.00025031289111389235
0.025031289111389236
0.0017521902377972466
0.0
0.0005006257822277847
0.00025031289111389235
0.0
0.0005006257822277847
0.0
0.003003754693366708
0.00025031289111389235
0.000750938673341677
0.02127659574468085
0.0005006257822277847
0.00025031289111389235
0.00025031289111389235
0.00025031289111389235
0.00025031289111389235
0.0
0.00025031289111389235
0.0
0.00025031289111389235
0.00025031289111389235
0.000750938673341677
0.00025031289111389235
0.00025031289111389235
0.0
0.00025031289111389235
0.00025031289111389235
0.00025031289111389235
0.0
0.0
0.0
0.0
0.00025031289111389235
0.0
0.0
0.0
0.0005006257822277847
0.0
0.0
0.0
0.0005006257822277847
0.0
0.0005006257822277847
0.00025031289111389235
0.0
0.000750938673341677
0.00025031289111389235
0.0
0.0037546933667083854
0.0010012515644555694
0.000750938673341677
0.0005006257822277847
0.0005006257822277847
0.0017521902377972466
0.000750938673341677
0.0005006257822277847
0.0
0.0
0.00025031289111389235
0.0
0.0
0.0
0.0
0.002002503128911139
0.00025031289111389235
0.04005006257822278
0.0005006257822277847
0.00025031289111389235
0.02127659574468085
0.0
0.0
0.001501877346683354
0.0
0.000750938673341677
0.00025031289111389235
0.00025031289111389235
0.0
0.022778473091364205
0.0005006257822277847
0.0010012515644555694
0.00025031289111389235
0.00025031289111389235
0.0
0.00025031289111389235
0.0017521902377972466
0.001501877346683354
0.00025031289111389235
0.000750938673341677
0.0005006257822277847
0.024030037546933666
0.0
0.00025031289111389235
0.00025031289111389235
0.0005006257822277847
0.0
0.0
0.0005006257822277847
0.0
0.0
0.00025031289111389235
0.0005006257822277847
0.0
0.0
0.0005006257822277847
0.0005006257822277847
0.000750938673341677
0.00025031289111389235
0.00025031289111389235
0.020275344180225283
0.0
0.0
0.04630788485607009
0.0
0.0
0.0
0.00025031289111389235
0.021777221526908634
0.021526908635794744
0.0012515644555694619
0.00025031289111389235
0.0
0.00025031289111389235
0.0
0.00025031289111389235
0.02127659574468085
0.021026282853566957
0.00025031289111389235
0.00025031289111389235
0.0
0.0
0.0012515644555694619
0.0
0.0012515644555694619
0.0010012515644555694
0.000750938673341677
0.02127659574468085
0.00025031289111389235
0.0005006257822277847
0.00025031289111389235
0.0
0.0005006257822277847
0.00025031289111389235
0.0
0.0
0.00025031289111389235
0.0
0.0
0.0
0.00025031289111389235
0.0
0.0
0.0012515644555694619
0.00025031289111389235
0.0
0.00025031289111389235
0.00025031289111389235
0.0
0.00025031289111389235
0.0
0.00025031289111389235
0.0
0.00025031289111389235
0.0005006257822277847
0.00025031289111389235
0.0
0.0
0.00425531914893617
0.0
0.00025031289111389235
0.0
0.0005006257822277847
0.020775969962453067
0.000750938673341677
0.00025031289111389235
0.000750938673341677
0.0005006257822277847
0.0
0.0
0.002002503128911139
0.0005006257822277847
0.0
0.0
0.00025031289111389235
0.09662077596996245
0.0
0.0
0.00025031289111389235
0.041551939924906134
0.021526908635794744
0.02002503128911139
0.02753441802252816
0.0
0.0
0.00025031289111389235
0.0
0.003254067584480601
0.0
0.00025031289111389235
0.02002503128911139
0.00025031289111389235
0.0230287859824781
0.0
0.00025031289111389235
0.0
0.0005006257822277847
0.0
0.0005006257822277847
0.00025031289111389235
0.0
0.0
0.0005006257822277847
0.00025031289111389235
0.0
0.00025031289111389235
0.00025031289111389235
0.0
0.0
0.0
0.00025031289111389235
0.0
0.0
0.0
0.0005006257822277847
0.0
0.000750938673341677
0.0005006257822277847
0.0
0.00025031289111389235
0.00025031289111389235
0.0010012515644555694
0.0005006257822277847
0.0
0.0010012515644555694
0.0005006257822277847
0.00025031289111389235
0.00025031289111389235
0.0
0.00025031289111389235
0.0010012515644555694
0.00025031289111389235
0.0
0.0
0.14317897371714644
0.0017521902377972466
0.0
0.0
0.00025031289111389235
0.00025031289111389235
0.00025031289111389235
0.0
0.0
0.0
0.0017521902377972466
0.0005006257822277847
0.0010012515644555694
0.00025031289111389235
0.00025031289111389235
0.0
0.0
0.00025031289111389235
0.0005006257822277847
0.020525657071339173
0.02002503128911139
0.0
0.0
0.00025031289111389235
0.0
0.00025031289111389235
0.0010012515644555694
0.00025031289111389235
0.0022528160200250315
0.00025031289111389235
0.0
0.0
0.02002503128911139
0.0
0.00025031289111389235
0.00025031289111389235
0.0
0.0
0.0
0.00025031289111389235
0.0
0.0
0.0
0.00025031289111389235
0.0
0.0
0.0
0.02002503128911139
0.00025031289111389235
0.00025031289111389235
0.0005006257822277847
0.00025031289111389235
0.00025031289111389235
0.0
0.0
0.0
0.0
0.000750938673341677
0.0
0.0
0.0
0.00025031289111389235
0.000750938673341677
0.00025031289111389235
0.0
0.0005006257822277847
0.0
0.0
0.00025031289111389235
0.0
0.00025031289111389235
0.00025031289111389235
0.0
0.00025031289111389235
0.0
0.00025031289111389235
0.0005006257822277847
0.00025031289111389235
0.0010012515644555694
0.0005006257822277847
0.000750938673341677
0.0
0.00025031289111389235
0.00025031289111389235
0.0
0.0
0.00025031289111389235
0.0
0.26307884856070085
0.0
0.00025031289111389235
0.12215269086357948
0.0
0.0
0.0
0.0
0.0
0.0
0.0
0.00025031289111389235
0.00025031289111389235
0.0
0.0
0.00025031289111389235
0.0
0.0
0.0
0.00025031289111389235
0.0
0.00025031289111389235
0.0
0.0
0.0
0.00025031289111389235
0.00025031289111389235
0.0
0.0
0.0
0.0
0.00025031289111389235
0.00025031289111389235
0.00025031289111389235
0.0
0.00025031289111389235
0.00025031289111389235
0.001501877346683354
0.00025031289111389235
0.0010012515644555694
0.0
0.00025031289111389235
0.00025031289111389235
0.0
0.0
0.0
0.0
0.0
0.0
0.0
0.00025031289111389235
0.0005006257822277847
0.0
0.00425531914893617
0.00025031289111389235
0.00025031289111389235
0.00025031289111389235
0.0
0.0
0.0
0.0
0.0
0.0
0.0
0.0
0.0
0.00025031289111389235
0.00025031289111389235
0.0
0.0
0.0005006257822277847
0.0
0.0
0.0
0.0
0.02002503128911139
0.0005006257822277847
0.0
0.00025031289111389235
0.0
0.0
0.004505632040050063
0.00025031289111389235
0.0
0.0
0.0
0.00025031289111389235
0.0
0.02002503128911139
0.02002503128911139
0.00025031289111389235
0.0
0.0
0.0
0.0
0.0
0.00025031289111389235
0.02002503128911139
0.001501877346683354
0.00025031289111389235
0.00025031289111389235
0.0010012515644555694
0.000750938673341677
0.0
0.000750938673341677
0.00025031289111389235
0.02002503128911139
0.00025031289111389235
0.00025031289111389235
0.00025031289111389235
0.0
0.0
0.044055068836045055
0.0
0.00025031289111389235
0.0
0.07058823529411765
0.00025031289111389235
0.0
0.0
0.0
0.0
0.0
0.00025031289111389235
0.0
0.0
0.021526908635794744
0.0
0.0
0.00025031289111389235
0.0
0.00025031289111389235
0.0
0.0
0.00025031289111389235
0.0
0.02002503128911139
0.00025031289111389235
0.000750938673341677
0.0
0.00025031289111389235
0.0012515644555694619
0.00025031289111389235
0.00025031289111389235
0.00025031289111389235
0.0
0.001501877346683354
0.00025031289111389235
0.0
0.0
0.00025031289111389235
0.0
0.0
0.0
0.0
0.00025031289111389235
0.0010012515644555694
0.0005006257822277847
0.26282853566958697
0.024780976220275343
0.0
0.00025031289111389235
0.0
0.0025031289111389237
0.00025031289111389235
0.0
0.0
0.0
0.0425531914893617
0.00025031289111389235
0.00025031289111389235
0.000750938673341677
0.0005006257822277847
0.0
0.00025031289111389235
0.0
0.0
0.0
0.0
0.0017521902377972466
0.001501877346683354
0.00025031289111389235
0.002002503128911139
0.0
0.0005006257822277847
0.001501877346683354
0.0
0.0
0.0
0.0005006257822277847
0.0
0.0005006257822277847
0.0037546933667083854
0.0
0.0
0.0
0.37446808510638296
0.04130162703379224
0.0005006257822277847
0.0012515644555694619
0.00025031289111389235
0.0
0.020275344180225283
0.00025031289111389235
0.0
0.00025031289111389235
0.020525657071339173
0.00025031289111389235
0.0
0.00025031289111389235
0.0017521902377972466
0.001501877346683354
0.00025031289111389235
0.0
0.0005006257822277847
0.00025031289111389235
0.0005006257822277847
0.00025031289111389235
0.0
0.0
0.02127659574468085
0.0005006257822277847
0.0010012515644555694
0.0
0.0
0.0005006257822277847
0.022027534418022528
0.00025031289111389235
0.00025031289111389235
0.0005006257822277847
0.0
0.0
0.0
0.0
0.0
0.0
0.00025031289111389235
0.0
0.0
0.0
0.0005006257822277847
0.00025031289111389235
0.0012515644555694619
0.00025031289111389235
0.0
0.0
0.0
0.0
0.0010012515644555694
0.00025031289111389235
0.0
0.0
0.00025031289111389235
0.0
0.0
0.0
0.0
0.002753441802252816
0.00025031289111389235
0.00025031289111389235
0.0
0.0
0.14042553191489363
0.0
0.00025031289111389235
0.00025031289111389235
0.0005006257822277847
0.0
0.021026282853566957
0.0005006257822277847
0.00025031289111389235
0.00025031289111389235
0.0005006257822277847
0.0
0.11664580725907384
0.0
0.00025031289111389235
0.00025031289111389235
0.020525657071339173
0.0
0.0
0.000750938673341677
0.0
0.0
0.00025031289111389235
0.0
0.0
0.0
0.0
0.0
0.0
0.0
0.0
0.0010012515644555694
0.047809762202753445
0.00025031289111389235
0.00025031289111389235
0.0
0.00025031289111389235
0.0
0.0
0.04680851063829787
0.0
0.0
0.000750938673341677
0.0
0.00025031289111389235
0.0
0.0
0.00025031289111389235
0.0
0.0
0.0
0.0
0.0
0.0
0.23379224030037546
0.2946182728410513
0.00025031289111389235
0.0
0.00025031289111389235
0.0
0.00025031289111389235
0.00025031289111389235
0.020775969962453067
0.0012515644555694619
0.00025031289111389235
0.00025031289111389235
0.00025031289111389235
0.00025031289111389235
0.0
0.001501877346683354
0.0
0.0
0.00025031289111389235
0.00025031289111389235
0.0005006257822277847
0.0005006257822277847
0.0010012515644555694
0.00025031289111389235
0.0
0.00025031289111389235
0.00025031289111389235
0.0
0.0
0.00025031289111389235
0.0
0.0
0.0
0.0
0.00025031289111389235
0.0005006257822277847
0.001501877346683354
0.2685857321652065
0.00025031289111389235
0.001501877346683354
0.0005006257822277847
0.0005006257822277847
0.06958698372966207
0.0012515644555694619
0.0
0.00025031289111389235
0.00025031289111389235
0.0
0.0005006257822277847
0.0
0.000750938673341677
0.0
0.0
0.00025031289111389235
0.00025031289111389235
0.0
0.00025031289111389235
0.0
0.0
0.0
0.0
0.00025031289111389235
0.00025031289111389235
0.0
0.0
0.0
0.0
0.00025031289111389235
0.0
0.0
0.00025031289111389235
0.00025031289111389235
0.000750938673341677
0.0005006257822277847
0.0
0.00025031289111389235
0.0
0.00025031289111389235
0.00025031289111389235
0.0
0.001501877346683354
0.000750938673341677
0.00025031289111389235
0.0
0.0
0.0
0.0
0.0
0.0
0.0
0.04180225281602003
0.00025031289111389235
0.00025031289111389235
0.00025031289111389235
0.00025031289111389235
0.0010012515644555694
0.0005006257822277847
0.00025031289111389235
0.00025031289111389235
0.0
0.0
0.0
0.0
0.00025031289111389235
0.00025031289111389235
0.0
0.0017521902377972466
0.0
0.00025031289111389235
0.00025031289111389235
0.0012515644555694619
0.0005006257822277847
0.00025031289111389235
0.0
0.00025031289111389235
0.0
0.0
0.020775969962453067
0.00025031289111389235
0.000750938673341677
0.00025031289111389235
0.00025031289111389235
0.0
0.00025031289111389235
0.0017521902377972466
0.000750938673341677
0.0005006257822277847
0.0
0.00025031289111389235
0.00025031289111389235
0.0
0.00025031289111389235
0.0005006257822277847
0.00025031289111389235
0.0005006257822277847
0.0
0.0005006257822277847
0.0
0.0005006257822277847
0.00025031289111389235
0.0
0.0
0.0
0.00025031289111389235
0.24730913642052565
0.00025031289111389235
0.00025031289111389235
0.00025031289111389235
0.0
0.0
0.00025031289111389235
0.0
0.00025031289111389235
0.0
0.0
0.00025031289111389235
0.0
0.0
0.00025031289111389235
0.00025031289111389235
0.004755944931163955
0.00025031289111389235
0.00025031289111389235
0.0
0.0
0.0
0.00025031289111389235
0.00025031289111389235
0.0005006257822277847
0.00025031289111389235
0.0
0.02002503128911139
0.0
0.00025031289111389235
0.0005006257822277847
0.000750938673341677
0.0
0.0
0.0
0.0
0.00025031289111389235
0.0
0.00025031289111389235
0.0005006257822277847
0.00025031289111389235
0.0
0.00025031289111389235
0.00025031289111389235
0.00025031289111389235
0.0
0.00025031289111389235
0.00025031289111389235
0.000750938673341677
0.00025031289111389235
0.00025031289111389235
0.00025031289111389235
0.0
0.00025031289111389235
0.0
0.00025031289111389235
0.00025031289111389235
0.001501877346683354
0.00025031289111389235
0.0
0.00025031289111389235
0.00025031289111389235
0.0
0.0
0.052565707133917394
0.00025031289111389235
0.024530663329161453
0.00025031289111389235
0.06733416770963704
0.02002503128911139
0.00025031289111389235
0.0
0.04630788485607009
0.0005006257822277847
0.00025031289111389235
0.00025031289111389235
0.00025031289111389235
0.0
0.0
0.0
0.0
0.00025031289111389235
0.00025031289111389235
0.00025031289111389235
0.0
0.0
0.00025031289111389235
0.00025031289111389235
0.0
0.0
0.021777221526908634
0.0
0.0
0.00025031289111389235
0.0
0.0005006257822277847
0.0
0.0
0.00025031289111389235
0.0
0.00025031289111389235
0.0017521902377972466
0.0
0.0
0.0
0.00025031289111389235
0.0
0.0
0.0
0.0
0.0
0.0017521902377972466
0.0
0.00025031289111389235
0.0
0.0
0.021777221526908634
0.0022528160200250315
0.00025031289111389235
0.0
0.00025031289111389235
0.0
0.00025031289111389235
0.021026282853566957
0.00025031289111389235
0.0
0.020775969962453067
0.0
0.0
0.00025031289111389235
0.00025031289111389235
0.0017521902377972466
0.0
0.0
0.0
0.002002503128911139
0.0
0.0
0.0
0.00025031289111389235
0.0
0.0
0.000750938673341677
0.0
0.00025031289111389235
0.0
0.0
0.0005006257822277847
0.002002503128911139
0.020525657071339173
0.0
0.00025031289111389235
0.021526908635794744
0.00025031289111389235
0.0
0.0
0.00425531914893617
0.0
0.0230287859824781
0.00025031289111389235
0.020275344180225283
0.0012515644555694619
0.0
0.00025031289111389235
0.00025031289111389235
0.0005006257822277847
0.00025031289111389235
0.0
0.0
0.000750938673341677
0.0
0.00025031289111389235
0.00025031289111389235
0.00025031289111389235
0.0005006257822277847
0.00025031289111389235
0.00025031289111389235
0.00025031289111389235
0.0
0.0
0.0
0.0010012515644555694
0.0
0.0
0.008010012515644555
0.0012515644555694619
0.0
0.00025031289111389235
0.0
0.0
0.0012515644555694619
0.0
0.00025031289111389235
0.00025031289111389235
0.02002503128911139
0.02002503128911139
0.0
0.044055068836045055
0.020275344180225283
0.00025031289111389235
0.0005006257822277847
0.00025031289111389235
0.020275344180225283
0.00025031289111389235
0.0
0.0
0.00025031289111389235
0.0
0.0005006257822277847
0.0
0.0
0.00025031289111389235
0.0
0.0
0.0
0.0
0.0
0.0
0.000750938673341677
0.0
0.0
0.00025031289111389235
0.00025031289111389235
0.00025031289111389235
0.0005006257822277847
0.00025031289111389235
0.0012515644555694619
0.0
0.00025031289111389235
0.00025031289111389235
0.00025031289111389235
0.0
0.00025031289111389235
0.021777221526908634
0.0
0.02002503128911139
0.00025031289111389235
0.0
0.0
0.0
0.0
0.00025031289111389235
0.002002503128911139
0.0012515644555694619
0.000750938673341677
0.0005006257822277847
0.00025031289111389235
0.0005006257822277847
0.0
0.0005006257822277847
0.00025031289111389235
0.0005006257822277847
0.0005006257822277847
0.0
0.00025031289111389235
0.0
0.00025031289111389235
0.0
0.0
0.00025031289111389235
0.00025031289111389235
0.0
0.00025031289111389235
0.0012515644555694619
0.0
0.0
0.0010012515644555694
0.0
0.0010012515644555694
0.00025031289111389235
0.0005006257822277847
0.0
0.0
0.0
0.0
0.00025031289111389235
0.0005006257822277847
0.0
0.0005006257822277847
0.00025031289111389235
0.0
0.0
0.00025031289111389235
0.0
0.0017521902377972466
0.000750938673341677
0.00025031289111389235
0.00025031289111389235
0.00025031289111389235
0.00025031289111389235
0.00025031289111389235
0.0
0.0
0.0
0.00025031289111389235
0.0
0.0
0.00025031289111389235
0.020275344180225283
0.0
0.0
0.00025031289111389235
0.0
0.04030037546933667
0.0
0.0
0.0005006257822277847
0.02002503128911139
0.00025031289111389235
0.0
0.02252816020025031
0.00025031289111389235
0.0
0.0
0.0
0.0
0.0005006257822277847
0.0
0.000750938673341677
0.042052565707133914
0.00025031289111389235
0.00025031289111389235
0.00025031289111389235
0.0
0.00025031289111389235
0.00025031289111389235
0.00025031289111389235
0.00025031289111389235
0.000750938673341677
0.0
0.0
0.00025031289111389235
0.00025031289111389235
0.0
0.00025031289111389235
0.00025031289111389235
0.00025031289111389235
0.0
0.0
0.0
0.0005006257822277847
0.0
0.0
0.0005006257822277847
0.00025031289111389235
0.0
0.00025031289111389235
0.0
0.00025031289111389235
0.00025031289111389235
0.0
0.00025031289111389235
0.0
0.0010012515644555694
0.00025031289111389235
0.00025031289111389235
0.00025031289111389235
0.00025031289111389235
0.0
0.04055068836045057
0.020525657071339173
0.00025031289111389235
0.0005006257822277847
0.0
0.0022528160200250315
0.0
0.0005006257822277847
0.0005006257822277847
0.00025031289111389235
0.021026282853566957
0.0
0.00025031289111389235
0.0
0.06658322903629536
0.0005006257822277847
0.0
0.00025031289111389235
0.00025031289111389235
0.00025031289111389235
0.00025031289111389235
0.003504380475594493
0.000750938673341677
0.00025031289111389235
0.02227784730913642
0.00025031289111389235
0.0
0.00025031289111389235
0.0
0.0005006257822277847
0.00025031289111389235
0.649061326658323
0.0005006257822277847
0.00025031289111389235
0.020275344180225283
0.0
0.0012515644555694619
0.00025031289111389235
0.0017521902377972466
0.0
0.00025031289111389235
0.00025031289111389235
0.0
0.00025031289111389235
0.0
0.00025031289111389235
0.02528160200250313
0.021026282853566957
0.0230287859824781
0.000750938673341677
0.0
0.00025031289111389235
0.0
0.02828535669586984
0.027284105131414268
0.02227784730913642
0.00025031289111389235
0.0
0.0012515644555694619
0.0
0.00025031289111389235
0.0
0.00025031289111389235
0.0
0.09286608260325407
0.0005006257822277847
0.00025031289111389235
0.00025031289111389235
0.0
0.022778473091364205
0.002753441802252816
0.0012515644555694619
0.0
0.00025031289111389235
0.0
0.0
0.0
0.00025031289111389235
0.00025031289111389235
0.0005006257822277847
0.021777221526908634
0.00025031289111389235
0.0
0.0
0.000750938673341677
0.0
0.00025031289111389235
0.00025031289111389235
0.00025031289111389235
0.000750938673341677
0.0
0.0012515644555694619
0.0010012515644555694
0.0
0.000750938673341677
0.00025031289111389235
0.00025031289111389235
0.00025031289111389235
0.00025031289111389235
0.00025031289111389235
0.00025031289111389235
0.00025031289111389235
0.0
0.00025031289111389235
0.0
0.00025031289111389235
0.0
0.00025031289111389235
0.0
0.0
0.0
0.00025031289111389235
0.00025031289111389235
0.022027534418022528
0.0005006257822277847
0.020525657071339173
0.020275344180225283
0.0
0.00025031289111389235
0.00025031289111389235
0.0
0.0
0.0017521902377972466
0.0
0.00025031289111389235
0.0
0.0
0.00025031289111389235
0.001501877346683354
0.0
0.00025031289111389235
0.00025031289111389235
0.00025031289111389235
0.00025031289111389235
0.00025031289111389235
0.00025031289111389235
0.00025031289111389235
0.00025031289111389235
0.0
0.00025031289111389235
0.000750938673341677
0.00025031289111389235
0.03404255319148936
0.0
0.12165206508135169
0.0
0.08635794743429287
0.00025031289111389235
0.0
0.00025031289111389235
0.0
0.0
0.00025031289111389235
0.0
0.00025031289111389235
0.00025031289111389235
0.0
0.00025031289111389235
0.00025031289111389235
0.0
0.0
0.00025031289111389235
0.0
0.0
0.0
0.0
0.0
0.0
0.0
0.00025031289111389235
0.0
0.00025031289111389235
0.02227784730913642
0.00025031289111389235
0.00025031289111389235
0.00025031289111389235
0.00025031289111389235
0.000750938673341677
0.06332916145181477
0.020275344180225283
0.0
0.000750938673341677
0.0
0.025031289111389236
0.002002503128911139
0.001501877346683354
0.0
0.02553191489361702
0.0
0.000750938673341677
0.00025031289111389235
0.00025031289111389235
0.0
0.0
0.021526908635794744
0.006257822277847309
0.00025031289111389235
0.0
0.0
0.00025031289111389235
0.00025031289111389235
0.0
0.00025031289111389235
0.00025031289111389235
0.00025031289111389235
0.0
0.0
0.0005006257822277847
0.00025031289111389235
0.0
0.0
0.0
0.0
0.0
0.0
0.0
0.0
0.0
0.0022528160200250315
0.00025031289111389235
0.00025031289111389235
0.00025031289111389235
0.0
0.0
0.0
0.00025031289111389235
0.00025031289111389235
0.0005006257822277847
0.0
0.0
0.0005006257822277847
0.0
0.00025031289111389235
0.0
0.0
0.0
0.020525657071339173
0.0
0.0
0.04305381727158949
0.00025031289111389235
0.00025031289111389235
0.0005006257822277847
0.0
0.0
0.00025031289111389235
0.00025031289111389235
0.0
0.000750938673341677
0.0
0.0
0.0
0.0005006257822277847
0.0
0.022778473091364205
0.021026282853566957
0.0012515644555694619
0.000750938673341677
0.0
0.0012515644555694619
0.00025031289111389235
0.00025031289111389235
0.00025031289111389235
0.0
0.0
0.0
0.0
