0.0
0.0
0.0
0.0
0.0
0.0
0.00032351989647363315
0.0
0.0012940795858945326
0.0
0.0
0.002588159171789065
0.002588159171789065
0.0006470397929472663
0.00032351989647363315
0.0
0.0
0.00032351989647363315
0.00032351989647363315
0.0
0.02588159171789065
0.0
0.0
0.00032351989647363315
0.0019411193788417987
0.0006470397929472663
0.00032351989647363315
0.002588159171789065
0.0019411193788417987
0.0
0.0006470397929472663
0.00032351989647363315
0.0
0.0
0.00032351989647363315
0.0
0.0
0.00032351989647363315
0.00032351989647363315
0.0
0.0
0.0009705596894208993
0.0006470397929472663
0.00032351989647363315
0.007440957618893562
0.0
0.0006470397929472663
0.15561307020381754
0.0
0.0
0.00032351989647363315
0.0006470397929472663
0.0006470397929472663
0.0009705596894208993
0.0
0.004852798447104497
0.0
0.00032351989647363315
0.00032351989647363315
0.00032351989647363315
0.0
0.0
0.0
0.0
0.00032351989647363315
0.0009705596894208993
0.0
0.0
0.0
0.0
0.0
0.00032351989647363315
0.0
0.00032351989647363315
0.00032351989647363315
0.00032351989647363315
0.0012940795858945326
0.0012940795858945326
0.0009705596894208993
0.00032351989647363315
0.0
0.03332254933678421
0.0
0.00032351989647363315
0.0006470397929472663
0.0
0.0
0.0
0.0
0.00032351989647363315
0.027175671303785183
0.00032351989647363315
0.0
0.0006470397929472663
0.0
0.0
0.00032351989647363315
0.0006470397929472663
0.0
0.00032351989647363315
0.00032351989647363315
0.009382076997735361
0.0
0.00032351989647363315
0.0
0.2533160789388547
0.00032351989647363315
0.0
0.0006470397929472663
0.00032351989647363315
0.0
0.0
0.00032351989647363315
0.0
0.00032351989647363315
0.0
0.00032351989647363315
0.00032351989647363315
0.0
0.0
0.0
0.00517631834357813
0.00032351989647363315
0.00032351989647363315
0.0
0.0
0.0
0.31866709802652865
0.00032351989647363315
0.0
0.0
0.00032351989647363315
0.002264639275315432
0.00032351989647363315
0.00517631834357813
0.004529278550630864
0.0
0.0016175994823681655
0.0
0.00032351989647363315
0.0
0.0
0.00032351989647363315
0.0
0.0
0.0
0.0
0.0
0.0
0.0006470397929472663
0.0009705596894208993
0.00032351989647363315
0.0
0.0
0.00032351989647363315
0.00032351989647363315
0.00032351989647363315
0.02588159171789065
0.0006470397929472663
0.00032351989647363315
0.0
0.00032351989647363315
0.0
0.00032351989647363315
0.0012940795858945326
0.02814623099320608
0.02814623099320608
0.0
0.0
0.0
0.02814623099320608
0.0
0.00032351989647363315
0.0009705596894208993
0.0
0.0
0.0
0.0
0.0006470397929472663
0.00032351989647363315
0.0
0.00032351989647363315
0.00032351989647363315
0.00032351989647363315
0.0
0.0
0.02588159171789065
0.0
0.0
0.0012940795858945326
0.02588159171789065
0.0009705596894208993
0.0016175994823681655
0.00032351989647363315
0.0
0.0
0.0019411193788417987
0.0
0.00032351989647363315
0.029116790682626983
0.00032351989647363315
0.0
0.036557748301520546
0.0006470397929472663
0.00032351989647363315
0.00032351989647363315
0.0019411193788417987
0.0
0.0
0.0
0.0
0.0
0.0
0.0
0.00032351989647363315
0.09285021028793271
0.09252669039145907
0.0
0.00032351989647363315
0.0
0.0
0.00032351989647363315
0.0
0.0009705596894208993
0.0
0.0
0.0
0.0006470397929472663
0.00032351989647363315
0.02588159171789065
0.10061468780329991
0.0
0.0
0.0006470397929472663
0.0
0.0
0.00032351989647363315
0.00032351989647363315
0.00032351989647363315
0.00032351989647363315
0.0
0.0
0.0
0.0
0.0
0.0012940795858945326
0.00032351989647363315
0.00032351989647363315
0.0
0.0
0.0
0.00032351989647363315
0.0
0.00032351989647363315
0.0
0.00032351989647363315
0.0
0.00032351989647363315
0.0
0.0
0.0
0.00032351989647363315
0.00032351989647363315
0.0
0.026528631510837918
0.0
0.00032351989647363315
0.0006470397929472663
0.00032351989647363315
0.0
0.00032351989647363315
0.00032351989647363315
0.00032351989647363315
0.00032351989647363315
0.00032351989647363315
0.0
0.0
0.0
0.0
0.0
0.0
0.0
0.0
0.0
0.0
0.0
0.00032351989647363315
0.00032351989647363315
0.00032351989647363315
0.0
0.0012940795858945326
0.0006470397929472663
0.00032351989647363315
0.00032351989647363315
0.0
0.0
0.0
0.00032351989647363315
0.00032351989647363315
0.0
0.0
0.0006470397929472663
0.00032351989647363315
0.00032351989647363315
0.0
0.0
0.0
0.027499191200258816
0.0
0.07570365577483015
0.0
0.00032351989647363315
0.00032351989647363315
0.0
0.0
0.00032351989647363315
0.0
0.0006470397929472663
0.0
0.0
0.0
0.00032351989647363315
0.0006470397929472663
0.00032351989647363315
0.0012940795858945326
0.0009705596894208993
0.00032351989647363315
0.0
0.0006470397929472663
0.00032351989647363315
0.00032351989647363315
0.00032351989647363315
0.0
0.0
0.0
0.0009705596894208993
0.00032351989647363315
0.00032351989647363315
0.00032351989647363315
0.0
0.00032351989647363315
0.00032351989647363315
0.00032351989647363315
0.0
0.00032351989647363315
0.0
0.0006470397929472663
0.00032351989647363315
0.0
0.0
0.026528631510837918
0.0
0.00032351989647363315
0.00032351989647363315
0.0009705596894208993
0.0006470397929472663
0.0
0.0019411193788417987
0.00032351989647363315
0.0
0.0006470397929472663
0.00032351989647363315
0.0
0.0
0.02782271109673245
0.0
0.027499191200258816
0.0016175994823681655
0.0
0.00032351989647363315
0.00032351989647363315
0.002588159171789065
0.0019411193788417987
0.0
0.00032351989647363315
0.02588159171789065
0.00032351989647363315
0.0006470397929472663
0.00032351989647363315
0.00032351989647363315
0.0
0.00032351989647363315
0.0006470397929472663
0.0
0.00032351989647363315
0.00032351989647363315
0.0006470397929472663
0.0
0.0
0.0
0.00032351989647363315
0.0009705596894208993
0.0
0.0016175994823681655
0.0006470397929472663
0.0006470397929472663
0.026205111614364285
0.0
0.0
0.00032351989647363315
0.027175671303785183
0.0006470397929472663
0.026205111614364285
0.00032351989647363315
0.0
0.0
0.0
0.00032351989647363315
0.0
0.0
0.029440310579100615
0.00032351989647363315
0.0006470397929472663
0.0
0.0
0.0006470397929472663
0.0
0.00032351989647363315
0.00032351989647363315
0.0009705596894208993
0.0006470397929472663
0.00032351989647363315
0.0
0.00032351989647363315
0.00032351989647363315
0.0
0.0
0.0
0.0
0.00032351989647363315
0.0
0.0
0.00032351989647363315
0.0
0.00032351989647363315
0.00032351989647363315
0.00032351989647363315
0.0
0.0
0.0
0.06082174053704303
0.0
0.0
0.0
0.0
0.0
0.02588159171789065
0.02588159171789065
0.0
0.0
0.0
0.00032351989647363315
0.0006470397929472663
0.0006470397929472663
0.026205111614364285
0.0
0.02588159171789065
0.0
0.0
0.00032351989647363315
0.00032351989647363315
0.00032351989647363315
0.0
0.0
0.00032351989647363315
0.0
0.0
0.0
0.0
0.0016175994823681655
0.0009705596894208993
0.0
0.0
0.0
0.0
0.00032351989647363315
0.0
0.0
0.0006470397929472663
0.0009705596894208993
0.0
0.0
0.0
0.00032351989647363315
0.0006470397929472663
0.0
0.02588159171789065
0.0
0.00032351989647363315
0.00032351989647363315
0.0006470397929472663
0.0
0.0
0.0
0.00032351989647363315
0.00032351989647363315
0.0
0.00032351989647363315
0.0
0.0
0.0006470397929472663
0.0012940795858945326
0.00032351989647363315
0.00032351989647363315
0.0
0.0
0.00032351989647363315
0.00032351989647363315
0.00032351989647363315
0.0
0.0
0.0
0.006470397929472662
0.0006470397929472663
0.0
0.00032351989647363315
0.00032351989647363315
0.0029116790682626984
0.0
0.00032351989647363315
0.0009705596894208993
0.0
0.0006470397929472663
0.002264639275315432
0.0
0.0
0.00032351989647363315
0.0
0.00032351989647363315
0.0
0.004852798447104497
0.00032351989647363315
0.0006470397929472663
0.00032351989647363315
0.0
0.0
0.0006470397929472663
0.00032351989647363315
0.0
0.0
0.0
0.0
0.0
0.00032351989647363315
0.0
0.0
0.0006470397929472663
0.0006470397929472663
0.0
0.0
0.026528631510837918
0.00032351989647363315
0.0
0.00032351989647363315
0.0
0.09608540925266904
0.0
0.004529278550630864
0.0
0.03429310902620511
0.003235198964736331
0.0006470397929472663
0.0012940795858945326
0.00032351989647363315
0.00032351989647363315
0.009705596894208994
0.0
0.032675509543836946
0.0
0.0
0.0
0.0006470397929472663
0.0
0.0
0.0
0.0
0.00032351989647363315
0.0
0.00032351989647363315
0.0006470397929472663
0.0
0.0
0.0
0.0
0.00032351989647363315
0.0
0.0
0.00032351989647363315
0.00032351989647363315
0.0006470397929472663
0.00032351989647363315
0.0009705596894208993
0.00032351989647363315
0.00032351989647363315
0.0
0.00032351989647363315
0.0
0.0
0.00032351989647363315
0.00032351989647363315
0.0012940795858945326
0.00032351989647363315
0.0
0.0
0.00032351989647363315
0.0
0.0
0.00032351989647363315
0.0012940795858945326
0.00032351989647363315
0.0006470397929472663
0.00032351989647363315
0.0
0.0009705596894208993
0.0
0.0
0.0012940795858945326
0.0006470397929472663
0.00032351989647363315
0.00032351989647363315
0.0
0.0
0.00032351989647363315
0.00032351989647363315
0.00032351989647363315
0.0
0.0006470397929472663
0.0006470397929472663
0.0006470397929472663
0.00032351989647363315
0.00032351989647363315
0.0019411193788417987
0.00032351989647363315
0.00032351989647363315
0.0
0.00032351989647363315
0.00032351989647363315
0.003235198964736331
0.0006470397929472663
0.0006470397929472663
0.0
0.00032351989647363315
0.00032351989647363315
0.0
0.0
0.0
0.0
0.0
0.0
0.002264639275315432
0.0
0.0009705596894208993
0.0
0.0
0.00032351989647363315
0.00032351989647363315
0.0
0.00032351989647363315
0.00032351989647363315
0.0
0.0006470397929472663
0.00032351989647363315
0.00032351989647363315
0.00032351989647363315
0.0
0.00032351989647363315
0.00032351989647363315
0.0
0.0
0.0
0.0
0.060498220640569395
0.00032351989647363315
0.00032351989647363315
0.0006470397929472663
0.0
0.0006470397929472663
0.0006470397929472663
0.00032351989647363315
0.00032351989647363315
0.00032351989647363315
0.0
0.0
0.026205111614364285
0.0016175994823681655
0.0009705596894208993
0.00032351989647363315
0.0
0.0
0.00032351989647363315
0.056615981882885795
0.0006470397929472663
0.05499838240051763
0.0016175994823681655
0.0012940795858945326
0.0019411193788417987
0.0
0.0
0.0009705596894208993
0.00032351989647363315
0.0
0.0
0.00032351989647363315
0.0
0.0
0.0
0.0
0.0
0.0
0.00032351989647363315
0.0
0.02879327078615335
0.0
0.00032351989647363315
0.0
0.00032351989647363315
0.0
0.0009705596894208993
0.00032351989647363315
0.00032351989647363315
0.00032351989647363315
0.0
0.0
0.0
0.0
0.0
0.004529278550630864
0.0006470397929472663
0.0
0.0
0.00032351989647363315
0.027499191200258816
0.00032351989647363315
0.0
0.0019411193788417987
0.00032351989647363315
0.00032351989647363315
0.00032351989647363315
0.003235198964736331
0.0019411193788417987
0.00032351989647363315
0.00032351989647363315
0.0009705596894208993
0.04367518602394047
0.0
0.0016175994823681655
0.0
0.0029116790682626984
0.0029116790682626984
0.00032351989647363315
0.0042057586541572305
0.00032351989647363315
0.0
0.0
0.00032351989647363315
0.002588159171789065
0.00032351989647363315
0.0006470397929472663
0.0
0.0
0.0009705596894208993
0.0
0.0
0.02588159171789065
0.0
0.00032351989647363315
0.0
0.0
0.0
0.00032351989647363315
0.053057263021675835
0.0006470397929472663
0.0
0.0
0.0029116790682626984
0.0012940795858945326
0.0006470397929472663
0.00032351989647363315
0.0
0.0006470397929472663
0.00032351989647363315
0.0
0.0009705596894208993
0.00032351989647363315
0.00032351989647363315
0.00032351989647363315
0.0
0.0
0.0
0.00032351989647363315
0.00032351989647363315
0.00032351989647363315
0.0006470397929472663
0.0
0.00032351989647363315
0.0
0.0
0.00032351989647363315
0.027175671303785183
0.00032351989647363315
0.00032351989647363315
0.0
0.35166612746683923
0.21708185053380782
0.010029116790682626
0.026528631510837918
0.00032351989647363315
0.0
0.0
0.026205111614364285
0.0
0.00032351989647363315
0.032675509543836946
0.030734390164995146
0.00032351989647363315
0.0
0.0
0.0
0.0
0.0
0.0
0.0009705596894208993
0.0
0.00032351989647363315
0.02588159171789065
0.0
0.0
0.00032351989647363315
0.00032351989647363315
0.0
0.005499838240051763
0.0
0.0
0.00032351989647363315
0.0006470397929472663
0.00032351989647363315
0.026205111614364285
0.0
0.00032351989647363315
0.0
0.00032351989647363315
0.0006470397929472663
0.00032351989647363315
0.0006470397929472663
0.00032351989647363315
0.0
0.0006470397929472663
0.00032351989647363315
0.00032351989647363315
0.0
0.00032351989647363315
0.0
0.0
0.0
0.0
0.0
0.00032351989647363315
0.0
0.0
0.0006470397929472663
0.00032351989647363315
0.05791006146878033
0.00032351989647363315
0.0
0.0
0.00032351989647363315
0.00032351989647363315
0.0
0.0
0.0
0.0
0.00032351989647363315
0.0
0.0
0.00032351989647363315
0.0
0.02588159171789065
0.0
0.0
0.0
0.002264639275315432
0.0
0.0006470397929472663
0.00032351989647363315
0.00032351989647363315
0.0
0.00032351989647363315
0.00032351989647363315
0.0
0.0
0.03591070850857328
0.00032351989647363315
0.0
0.10029116790682627
0.0006470397929472663
0.00032351989647363315
0.00032351989647363315
0.0
0.00032351989647363315
0.0
0.00032351989647363315
0.0
0.0
0.0016175994823681655
0.0
0.0
0.00032351989647363315
0.00032351989647363315
0.00032351989647363315
0.0009705596894208993
0.0
0.0
0.0
0.00032351989647363315
0.00032351989647363315
0.00032351989647363315
0.0
0.0006470397929472663
0.00032351989647363315
0.026205111614364285
0.02588159171789065
0.0
0.0
0.0006470397929472663
0.00032351989647363315
0.0
0.0
0.0009705596894208993
0.0
0.0009705596894208993
0.0
0.0
0.0
0.00032351989647363315
0.0006470397929472663
0.00032351989647363315
0.00032351989647363315
0.0
0.0
0.0
0.0016175994823681655
0.0
0.0006470397929472663
0.0042057586541572305
0.0
0.0
0.0
0.0
0.0
0.0
0.0
0.0
0.0
0.0
0.00032351989647363315
0.00032351989647363315
0.0
0.00032351989647363315
0.0
0.00032351989647363315
0.0
0.0
0.0
0.0
0.00032351989647363315
0.0
0.026205111614364285
0.026205111614364285
0.0
0.0
0.00032351989647363315
0.0006470397929472663
0.0
0.0
0.0
0.0
0.0
0.00032351989647363315
0.00032351989647363315
0.0
0.00032351989647363315
0.00032351989647363315
0.0
0.0
0.02588159171789065
0.0
0.0
0.0
0.0
0.0
0.0
0.0012940795858945326
0.0009705596894208993
0.00032351989647363315
0.00517631834357813
0.0042057586541572305
0.0
0.00032351989647363315
0.0
0.00032351989647363315
0.0
0.0
0.059527660951148496
0.00032351989647363315
0.026528631510837918
0.0
0.11905532190229699
0.00032351989647363315
0.0006470397929472663
0.0
0.00032351989647363315
0.0019411193788417987
0.00032351989647363315
0.0006470397929472663
0.00032351989647363315
0.0
0.0016175994823681655
0.00032351989647363315
0.00032351989647363315
0.0
0.0
0.0
0.02588159171789065
0.0
0.0
0.00032351989647363315
0.0
0.0
0.0006470397929472663
0.0
0.00032351989647363315
0.00032351989647363315
0.0
0.0
0.003235198964736331
0.00032351989647363315
0.027175671303785183
0.0
0.00032351989647363315
0.02588159171789065
0.0006470397929472663
0.00032351989647363315
0.00032351989647363315
0.0006470397929472663
0.0
0.0019411193788417987
0.0006470397929472663
0.0
0.03526366871562601
0.0016175994823681655
0.02588159171789065
0.0
0.0
0.002588159171789065
0.0
0.00032351989647363315
0.0006470397929472663
0.00032351989647363315
0.002588159171789065
0.0
0.0
0.0012940795858945326
0.00032351989647363315
0.0
0.0
0.00032351989647363315
0.0009705596894208993
0.00032351989647363315
0.00032351989647363315
0.0019411193788417987
0.0016175994823681655
0.0
0.002588159171789065
0.0009705596894208993
0.0006470397929472663
0.0006470397929472663
0.00032351989647363315
0.0
0.0
0.0
0.00032351989647363315
0.0009705596894208993
0.0029116790682626984
0.0
0.00032351989647363315
0.0006470397929472663
0.0029116790682626984
0.0
0.00032351989647363315
0.0012940795858945326
0.0
0.0
0.0
0.0009705596894208993
0.00032351989647363315
0.0
0.0
0.0
0.0
0.0
0.0029116790682626984
0.002264639275315432
0.0
0.00032351989647363315
0.0
0.0
0.026528631510837918
0.00032351989647363315
0.002588159171789065
0.0012940795858945326
0.00032351989647363315
0.0
0.027175671303785183
0.0
0.0
0.0
0.0029116790682626984
0.00032351989647363315
0.0
0.00032351989647363315
0.0
0.0
0.0
0.0
0.0
0.0
0.0
0.00032351989647363315
0.00032351989647363315
0.02588159171789065
0.0
0.0
0.0029116790682626984
0.00032351989647363315
0.0
0.0
0.0
0.0
0.0012940795858945326
0.0
0.00032351989647363315
0.0009705596894208993
0.00032351989647363315
0.00032351989647363315
0.0
0.0
0.0
0.0038822387576835974
0.0006470397929472663
0.00032351989647363315
0.0
0.00032351989647363315
0.04141054674862504
0.0
0.0
0.0
0.0012940795858945326
0.00032351989647363315
0.02879327078615335
0.02588159171789065
0.0
0.0
0.00032351989647363315
0.0006470397929472663
0.008735037204788094
0.00032351989647363315
0.0
0.0
0.00032351989647363315
0.00032351989647363315
0.0
0.0006470397929472663
0.0
0.00032351989647363315
0.00032351989647363315
0.00032351989647363315
0.00032351989647363315
0.00032351989647363315
0.0
0.0019411193788417987
0.00032351989647363315
0.0
0.0009705596894208993
0.0
0.05629246198641216
0.0
0.0
0.0
0.0
0.0
0.00032351989647363315
0.08540925266903915
0.0
0.00032351989647363315
0.0006470397929472663
0.0
0.0012940795858945326
0.0
0.0
0.0006470397929472663
0.0
0.00032351989647363315
0.0
0.0
0.0
0.00032351989647363315
0.48398576512455516
0.0012940795858945326
0.0012940795858945326
0.02685215140731155
0.026205111614364285
0.0
0.00032351989647363315
0.0019411193788417987
0.0042057586541572305
0.0012940795858945326
0.0006470397929472663
0.0006470397929472663
0.0
0.00032351989647363315
0.002588159171789065
0.02588159171789065
0.0006470397929472663
0.00032351989647363315
0.0
0.0006470397929472663
0.00032351989647363315
0.0006470397929472663
0.0
0.0006470397929472663
0.0
0.0
0.0
0.0
0.0
0.00032351989647363315
0.00032351989647363315
0.0
0.0
0.0006470397929472663
0.0
0.002588159171789065
0.3804593982529926
0.0009705596894208993
0.002588159171789065
0.0006470397929472663
0.0
0.04076350695567777
0.00032351989647363315
0.00032351989647363315
0.0
0.0
0.0
0.0009705596894208993
0.0009705596894208993
0.026528631510837918
0.0
0.0
0.0
0.0
0.0
0.0
0.0
0.0
0.00032351989647363315
0.02588159171789065
0.0
0.0
0.0006470397929472663
0.00032351989647363315
0.00032351989647363315
0.00032351989647363315
0.0
0.00032351989647363315
0.00032351989647363315
0.0
0.0
0.0006470397929472663
0.00032351989647363315
0.00032351989647363315
0.0
0.02588159171789065
0.0
0.0
0.0
0.0006470397929472663
0.0
0.0
0.0009705596894208993
0.026205111614364285
0.0
0.0
0.0
0.0
0.0
0.00517631834357813
0.0
0.0
0.0
0.0
0.027499191200258816
0.0
0.0
0.0
0.00032351989647363315
0.00032351989647363315
0.0
0.0
0.0
0.0
0.00032351989647363315
0.0006470397929472663
0.0
0.0
0.0
0.0
0.0
0.0
0.0006470397929472663
0.0
0.00032351989647363315
0.0
0.0006470397929472663
0.0
0.026205111614364285
0.0
0.0
0.00032351989647363315
0.0
0.0012940795858945326
0.00032351989647363315
0.00032351989647363315
0.00032351989647363315
0.0006470397929472663
0.0
0.00032351989647363315
0.0
0.0
0.0
0.0012940795858945326
0.0
0.0
0.00032351989647363315
0.0009705596894208993
0.00032351989647363315
0.00032351989647363315
0.0
0.00032351989647363315
0.0
0.029116790682626983
0.0
0.0
0.0009705596894208993
0.00032351989647363315
0.00032351989647363315
0.0
0.0
0.0
0.00032351989647363315
0.00032351989647363315
0.00032351989647363315
0.00032351989647363315
0.00032351989647363315
0.06082174053704303
0.0
0.0042057586541572305
0.0
0.0
0.0
0.0
0.0
0.0
0.0
0.0009705596894208993
0.00032351989647363315
0.00032351989647363315
0.0
0.00032351989647363315
0.0
0.0
0.02782271109673245
0.00032351989647363315
0.0006470397929472663
0.00032351989647363315
0.00032351989647363315
0.0
0.00032351989647363315
0.0
0.0
0.0
0.0
0.0
0.0006470397929472663
0.0
0.0
0.0
0.0
0.0009705596894208993
0.026205111614364285
0.00032351989647363315
0.0
0.0
0.0006470397929472663
0.0
0.0
0.0
0.003235198964736331
0.0
0.0012940795858945326
0.0
0.0006470397929472663
0.0009705596894208993
0.0006470397929472663
0.031381429957942415
0.0
0.026528631510837918
0.0
0.06243934001941119
0.00032351989647363315
0.00032351989647363315
0.00032351989647363315
0.06017470074409576
0.0
0.0
0.0
0.00032351989647363315
0.0006470397929472663
0.00032351989647363315
0.00032351989647363315
0.00032351989647363315
0.0
0.00032351989647363315
0.0
0.00032351989647363315
0.0
0.00032351989647363315
0.0006470397929472663
0.02588159171789065
0.0006470397929472663
0.002588159171789065
0.0006470397929472663
0.00032351989647363315
0.0006470397929472663
0.0006470397929472663
0.0
0.0
0.0
0.0
0.0
0.0006470397929472663
0.0012940795858945326
0.00032351989647363315
0.02588159171789065
0.00032351989647363315
0.02685215140731155
0.00032351989647363315
0.00032351989647363315
0.0
0.0
0.0
0.027499191200258816
0.00032351989647363315
0.0
0.0
0.00032351989647363315
0.0009705596894208993
0.05726302167583306
0.0
0.0
0.0
0.0006470397929472663
0.0
0.02588159171789065
0.0
0.0
0.0
0.00032351989647363315
0.0
0.0
0.0
0.0019411193788417987
0.0009705596894208993
0.00032351989647363315
0.00032351989647363315
0.00032351989647363315
0.0
0.0006470397929472663
0.0
0.0
0.00032351989647363315
0.0
0.00032351989647363315
0.0
0.0
0.00032351989647363315
0.0
0.0012940795858945326
0.0012940795858945326
0.0035587188612099642
0.0
0.0
0.0006470397929472663
0.0
0.0
0.00032351989647363315
0.028469750889679714
0.0
0.007764477515367195
0.0019411193788417987
0.0012940795858945326
0.0009705596894208993
0.00032351989647363315
0.0
0.0
0.0006470397929472663
0.0
0.00032351989647363315
0.00032351989647363315
0.0016175994823681655
0.00032351989647363315
0.0
0.0
0.0
0.0
0.0
0.0
0.0
0.00032351989647363315
0.0
0.00032351989647363315
0.002588159171789065
0.0
0.0
0.03849886768036234
0.00032351989647363315
0.00032351989647363315
0.0006470397929472663
0.00032351989647363315
0.00032351989647363315
0.028469750889679714
0.0
0.0
0.0
0.0006470397929472663
0.0
0.00032351989647363315
0.0
0.0
0.0
0.0
0.0
0.0
0.00032351989647363315
0.00032351989647363315
0.0
0.0
0.0
0.00032351989647363315
0.00032351989647363315
0.00032351989647363315
0.0
0.0
0.00032351989647363315
0.00032351989647363315
0.0
0.00032351989647363315
0.0
0.004852798447104497
0.00032351989647363315
0.0012940795858945326
0.00032351989647363315
0.00032351989647363315
0.0
0.00032351989647363315
0.0
0.0012940795858945326
0.0
0.00032351989647363315
0.0006470397929472663
0.0
0.00032351989647363315
0.0012940795858945326
0.0016175994823681655
0.00032351989647363315
0.0
0.0
0.00032351989647363315
0.0
0.0
0.00032351989647363315
0.00032351989647363315
0.0006470397929472663
0.06243934001941119
0.00032351989647363315
0.0
0.0
0.027175671303785183
0.00032351989647363315
0.0
0.0
0.00032351989647363315
0.0
0.02588159171789065
0.0
0.00032351989647363315
0.0
0.00032351989647363315
0.0
0.0
0.02588159171789065
0.00032351989647363315
0.0006470397929472663
0.0006470397929472663
0.0006470397929472663
0.00032351989647363315
0.0006470397929472663
0.00032351989647363315
0.026528631510837918
0.00032351989647363315
0.00032351989647363315
0.00032351989647363315
0.00032351989647363315
0.00032351989647363315
0.0
0.0006470397929472663
0.00032351989647363315
0.0006470397929472663
0.0
0.0
0.0
0.0
0.0
0.0006470397929472663
0.0012940795858945326
0.0006470397929472663
0.0
0.0
0.0
0.0
0.0
0.0
0.00032351989647363315
0.0
0.0
0.0
0.0
0.0
0.0006470397929472663
0.00032351989647363315
0.00032351989647363315
0.0
0.02588159171789065
0.0006470397929472663
0.00032351989647363315
0.00032351989647363315
0.0
0.0
0.0006470397929472663
0.00032351989647363315
0.002264639275315432
0.0
0.0009705596894208993
0.0
0.0
0.0
0.0009705596894208993
0.00032351989647363315
0.0006470397929472663
0.0012940795858945326
0.0
0.0
0.0
0.00032351989647363315
0.0
0.0
0.00032351989647363315
0.0
0.0
0.11646716273050793
0.0
0.0
0.0
0.00032351989647363315
0.0
0.41928178582982856
0.16531866709802653
0.0019411193788417987
0.189582659333549
0.00032351989647363315
0.0
0.0
0.00032351989647363315
0.0006470397929472663
0.0
0.0
0.0
0.0006470397929472663
0.0
0.0
0.00032351989647363315
0.0006470397929472663
0.00032351989647363315
0.0012940795858945326
0.0
0.0
0.0
0.0
0.0
0.0006470397929472663
0.0012940795858945326
0.00032351989647363315
0.00032351989647363315
0.0
0.003235198964736331
0.00032351989647363315
0.0019411193788417987
0.0016175994823681655
0.0
0.0012940795858945326
0.00032351989647363315
0.0
0.0
0.03396958912973148
0.0019411193788417987
0.0006470397929472663
0.0
0.0
0.0
0.0
0.00032351989647363315
0.00032351989647363315
0.0
0.002264639275315432
0.0
0.0006470397929472663
0.02588159171789065
0.03008735037204788
0.0
0.0
0.694920737625364
0.0
0.0
0.00032351989647363315
0.0
0.0006470397929472663
0.00032351989647363315
0.0006470397929472663
0.00032351989647363315
0.0
0.0
0.00032351989647363315
0.0
0.00032351989647363315
0.0
0.006470397929472662
0.002264639275315432
0.037528307990941444
0.0006470397929472663
0.0006470397929472663
0.0006470397929472663
0.00032351989647363315
0.012293756065998059
0.007764477515367195
0.004529278550630864
0.0
0.0006470397929472663
0.0012940795858945326
0.00032351989647363315
0.0
0.02588159171789065
0.0
0.0
0.11258492397282432
0.00032351989647363315
0.00032351989647363315
0.0
0.00032351989647363315
0.0035587188612099642
0.032675509543836946
0.0016175994823681655
0.00032351989647363315
0.0
0.0006470397929472663
0.0
0.0
0.00032351989647363315
0.0006470397929472663
0.0012940795858945326
0.0009705596894208993
0.0
0.0
0.00032351989647363315
0.0006470397929472663
0.00032351989647363315
0.0
0.00032351989647363315
0.0
0.0012940795858945326
0.00032351989647363315
0.0006470397929472663
0.0006470397929472663
0.00032351989647363315
0.0
0.0
0.0
0.00032351989647363315
0.00032351989647363315
0.0006470397929472663
0.0
0.00032351989647363315
0.0
0.0
0.0
0.00032351989647363315
0.00032351989647363315
0.0
0.0
0.02588159171789065
0.0009705596894208993
0.00032351989647363315
0.0
0.0009705596894208993
0.0
0.0009705596894208993
0.0
0.00032351989647363315
0.00032351989647363315
0.0
0.0
0.0006470397929472663
0.0016175994823681655
0.0
0.02588159171789065
0.0006470397929472663
0.0
0.0
0.0038822387576835974
0.00032351989647363315
0.0
0.00032351989647363315
0.0
0.00032351989647363315
0.0
0.0
0.0
0.0
0.00032351989647363315
0.0
0.00032351989647363315
0.0
0.015205435134260757
0.00032351989647363315
0.21352313167259787
0.00032351989647363315
0.1142025234551925
0.0012940795858945326
0.00032351989647363315
0.0
0.0
0.0
0.0
0.00032351989647363315
0.0
0.0
0.0
0.0006470397929472663
0.0
0.00032351989647363315
0.00032351989647363315
0.0
0.02588159171789065
0.00032351989647363315
0.00032351989647363315
0.0
0.00032351989647363315
0.0
0.00032351989647363315
0.00032351989647363315
0.0
0.0
0.0
0.0
0.0006470397929472663
0.0006470397929472663
0.0
0.00032351989647363315
0.02685215140731155
0.00032351989647363315
0.00032351989647363315
0.02782271109673245
0.00032351989647363315
0.03202846975088968
0.002264639275315432
0.02685215140731155
0.0
0.056615981882885795
0.00032351989647363315
0.002264639275315432
0.0009705596894208993
0.0
0.0
0.00032351989647363315
0.002264639275315432
0.02879327078615335
0.0
0.0
0.00032351989647363315
0.0006470397929472663
0.00032351989647363315
0.0006470397929472663
0.0
0.0
0.00032351989647363315
0.02588159171789065
0.00032351989647363315
0.0
0.00032351989647363315
0.0006470397929472663
0.0
0.00032351989647363315
0.0
0.0
0.0
0.0
0.00032351989647363315
0.00032351989647363315
0.0016175994823681655
0.0
0.0
0.0009705596894208993
0.0006470397929472663
0.00032351989647363315
0.00032351989647363315
0.0
0.0
0.00032351989647363315
0.0016175994823681655
0.00032351989647363315
0.0016175994823681655
0.0006470397929472663
0.0019411193788417987
0.0
0.00032351989647363315
0.00032351989647363315
0.0016175994823681655
0.0009705596894208993
0.02588159171789065
0.0029116790682626984
0.0
0.0
0.0009705596894208993
0.0006470397929472663
0.00032351989647363315
0.0
0.00032351989647363315
0.0006470397929472663
0.0012940795858945326
0.00032351989647363315
0.00032351989647363315
0.0
0.0009705596894208993
0.0
0.0012940795858945326
0.0009705596894208993
0.00032351989647363315
0.0009705596894208993
0.00032351989647363315
0.0009705596894208993
0.0
0.0
0.0
0.00032351989647363315
0.0
0.00032351989647363315
0.0
