0.1923597206805976
0.6343817653282459
0.6104115911586533
0.02397017416959234
0.2827785553989333
0.0
0.0
0.0
0.3267533027458024
0.0
0.0
0.43499399892016416
0.43499399892016416
-0.24996187376221626
0.0
-1.0755285551056204e-16
0.014980405993641248
0.0
0.0
0.2616775301175678
0.0
0.0
0.11878944347619647
-0.2472814864837346
0.024187770360279373
0.06572013739553471
0.0
-0.06864750697519174
0.1225272811131162
0.06276134430444136
-0.07848236684555963
-0.07848236684555962
0.0
0.07708647331558871
0.0
1.3540765845651037
0.1714672913173981
0.0
-0.4456705487224978
0.3138579647721812
0.030497533095865538
0.2245434495621402
0.05657110318851857
-0.0122294885196635
-0.3358926725747946
0.0
-0.5278530974642777
0.025077332287029918
0.0
0.06880059170818213
0.0
0.10711174697605579
-0.0016088253629372995
-0.1639733711382979
0.0
-0.3095909889214714
0.0
0.0
0.22454344956214023
-0.4456705487224978
0.8507535753945409
0.0
0.0
0.0
0.0
0.14698425477069452
0.2517258503986382
0.0
0.07496149122122933
0.0
0.014980405993641234
0.0
0.07708647331558871
-0.7855667954392505
0.0
0.0
-0.36211074435228563
0.02846617123760313
-0.7875422222226314
0.0
0.1714672913173981
0.342897250174444
0.0
-0.24386762042994412
0.0
0.0
0.0
0.0
0.0
0.0
0.0
0.0
0.0
-0.18285390619270506
0.030497533095865538
0.07496149122122933
0.0
0.09738188175595731
0.08684222166166755
0.0
0.0
0.19516028574383545
0.2805642065844091
-0.34890192206717724
0.2187718613451219
-0.6386023527596912
-0.24386762042994412
0.0
0.0
-0.11956787852212465
0.0
0.0
0.05582479643803904
0.0
0.0
0.0
0.4083098443217386
2.2408980748951572
0.0
0.0
0.0
-1.4134807415780646
-0.20869926072865375
0.0
0.0
0.0
0.0
0.15862416565721535
-0.18501240931658886
0.0
0.04798711613055508
-0.1787390576228177
-0.11254248511450966
0.0
0.0
0.0
0.0
0.2625773560927994
0.014980405993641248
0.0
0.0
0.0
0.0
0.0
0.0
0.0
0.0
0.0
0.1482225398405817
0.0
0.0
0.0
0.0
1.359883523421729
-0.2199026601608885
0.0
0.0
0.0
-0.18094904385125543
0.0
0.0
0.0
0.0
0.0
0.45619401003491045
0.28276335227929683
-0.17026376075845648
0.0
0.03588752528061984
0.0
-0.1369375074403379
0.07708647331558871
0.0
-0.1356524566713989
0.045677317155152816
0.0
0.0
0.0
-0.5277793386986889
0.0
0.06880059170818213
0.0
0.0
-0.0245404503093186
0.0
0.0
0.0
0.0
0.0
-0.21616199317288254
-5.719166459861036e-18
0.0
0.0
0.0
0.0
8.673617379884035e-18
-0.058430376499737466
0.0
0.0
-0.8645081464778851
-0.06450686688934092
0.0
-0.46514191326881893
0.0
0.0
0.0
-0.7307581194635688
0.0
0.0
0.044241403537214015
0.0
0.11158842000724324
0.0
0.7985414654671033
0.0
-0.03294977509959571
-0.07256874025665562
0.0
0.0
0.03961896515705842
0.0
0.0
0.0
0.0
0.06880059170818213
0.0
0.0
0.0
0.07068019237524518
0.0
0.09115744668871663
0.0
0.0
0.0
0.08684222166166755
0.2204441049770043
-0.06646756654580384
-0.03166792825207575
-0.03367216149351594
0.0
0.0
0.0
0.0
0.0
0.0
0.1480051403203811
-0.24386762042994412
-0.033558717120020884
0.0
0.0
0.0
0.17399348153576127
0.1981854930139807
0.0
0.0
0.0
0.029870654548225715
0.0
0.0
0.0
0.006946662560771828
0.0
0.0
0.0
-0.10545233579561329
0.0
0.0
-0.34890192206717724
-0.34890192206717724
0.0
-0.1824898316793671
0.0
0.0
0.0
-0.1193420489606919
0.0
0.0
0.0
0.0
0.0
0.0
0.0
0.0
0.0
0.0
0.06302695722593755
0.0
0.0
0.0
0.0
-0.5391224867329418
-0.19022056466576465
-0.34890192206717724
-0.08151864136664437
3.382710778154774e-17
0.6104115911586533
0.0
-0.18285390619270506
0.0
0.0
0.0
0.0
0.0
-0.007386561317610959
0.4231564584895264
0.029870654548225715
0.0
0.0
0.0
0.618351636998322
0.0
0.0
0.0
0.0
0.07708647331558871
0.35872290797889617
0.0
-0.4945629729674692
0.0
0.014980405993641248
0.0
0.0
-0.1569249956781455
0.3932858039413006
-0.2199026601608885
0.0
0.0
0.0
-0.38931574841197625
0.0
0.0
0.0
0.0
0.0
0.0
-0.5502107996194461
0.0
0.0
0.0
0.0
0.0
0.1596334562694086
-0.16199232511612766
0.0
0.0
0.06880059170818213
-0.24996187376221626
0.0
0.0
0.0
0.5707665231616424
0.0
-0.2651676299930917
0.0
0.1714672913173981
0.1714672913173981
0.1714672913173981
-0.3597300089315786
0.28277855539893326
0.2827785553989333
0.0
0.1265049888132846
0.03961896515705842
0.06302695722593754
-0.2179091051580817
0.0
-0.2179091051580817
-0.21790910515808168
5.204170427930421e-18
0.0
-0.033558717120020884
-0.7422717945712363
-0.31564473691261985
0.0
0.06276134430444137
1.5612511283791264e-17
0.0
-0.17548354077115264
0.0
-0.11653579866865475
0.0
0.169766826721406
0.0
0.0
0.0
0.0
0.08414526251093579
0.0
0.045677317155152816
0.0
0.0
-0.033558717120020884
0.0
-0.09629795152522463
-0.0002035963684932831
0.08414526251093579
-3.0357660829594124e-17
0.0
0.0
0.3396690814077546
-0.004121501109062238
-0.004121501109062238
0.0
0.0
0.0
0.0
3.382710778154774e-17
0.20034186896823755
0.0
0.0
0.34151292046064025
0.2630247561700173
0.23383696292020412
0.05582479643803904
0.0
-0.17548354077115264
0.0
0.0
0.11597046059601641
0.0
0.0
0.0
0.0
0.0
0.0
0.0
0.2093774591424491
0.40755996147020124
0.0
0.0
0.0
0.0
0.0
0.4083098443217386
0.0
-0.17548354077115264
0.0
0.0
0.0
0.0
-1.0665630973333942
0.0
0.0
0.0
0.7278042981800252
0.0
-0.20650786198150833
-0.20650786198150833
0.6601312960201627
0.0
0.0
0.0
0.0
0.0
-0.007845369002445398
0.0
-0.007845369002445398
0.42543147787034596
0.4254314778703461
0.0
0.0
0.0
0.0
0.0
-0.2286245607929148
0.0
0.2670539860781562
0.0
0.2670539860781562
-1.7583747309360827
-0.9728079354968313
0.0
0.029870654548225715
0.06572013739553471
0.0
0.0
0.0
0.0
0.0
-0.16199232511612766
0.0
0.0
0.0
0.2746435684165069
0.0
0.0
0.0
0.0
0.0
-0.11592699848222829
0.20937745914244912
0.2093774591424491
0.0
0.0
0.0738603245242304
-0.09760696679316777
0.03654413618117
-0.11592699848222829
0.0
0.47283384894869807
-0.11956787852212465
-0.7218306738707946
0.0
-0.2856578559148117
0.0
0.0
0.0
0.0
0.0
0.0
0.0
0.0
-0.12250255355233111
0.14822253984058162
0.0
-0.004305792684178205
-0.03367216149351594
-0.1073107127102489
0.0
0.0
-0.010460646278318655
0.0
0.1867995952639192
0.24767906728786074
0.0
0.0
0.33958541166729245
0.0
0.6792627111646834
0.0
0.1739729155426939
0.0
-0.46510269850973884
-0.08392425056086499
0.0
0.0
0.6292308606624335
-0.04080730493728754
0.0
0.0
0.0
0.0
0.1912269063416171
0.0
0.2820942229247309
0.0
0.02397017416959234
0.0
0.0
0.0
0.4559195896030184
0.2015454245659791
0.0789207321181359
-0.369497757246458
0.08684222166166755
0.1926189418853239
0.0
-0.20322585416737493
0.0
-0.1623048212084761
0.03961896515705838
0.0
8.673617379884035e-19
0.0
0.0
-1.4353611382694216
0.0
-0.01596132721576388
0.07068019237524518
0.06276134430444136
0.5476971916881793
0.19535156972585066
0.0
0.0
0.326291498041389
0.4025680648872499
-0.0002035963684932831
0.0
0.0
-0.11592699848222829
0.00200423324144035
0.06302695722593755
0.0
0.06302695722593755
0.0
0.0
0.0964502899457187
0.08684222166166755
0.0
0.0
0.0
0.0
-0.2472814864837346
-0.2472814864837346
0.0
-0.0877922423214372
0.006946662560771828
0.0
0.0
0.0
-0.1913218364973745
-0.17548354077115264
0.2827785553989333
0.2827785553989333
0.0
0.0
0.0
0.0
0.5338587293278885
-1.0408340855860843e-17
-0.23407692083794876
-0.485802771236587
0.0
0.012798623055517308
0.30561408300678794
0.22737642481605597
-0.11956787852212464
-0.11956787852212464
0.0
0.0
0.0
0.0
-0.18285390619270506
0.5113171644989747
-0.0002035963684932831
6.765421556309548e-17
-0.06450686688934092
0.0
-0.35442542939302024
0.0
0.0
0.09064905089950728
-0.08392425056086499
0.040600554812944105
0.0
0.040600554812944105
0.0
-0.11799065361183006
0.14868512664490835
0.8787710976282763
0.08508450115680048
0.7936865964714745
0.0
0.1714672913173981
0.3138579647721812
0.3138579647721812
0.0
0.044851060541866855
0.014980405993641248
0.14214191161915096
0.0
0.10891716660643136
0.12114665512609489
0.030497533095865538
-0.17039270909390603
0.0
0.0
0.0
-0.18285390619270506
0.0
0.7850483148288243
0.0
0.0
0.19514502882656518
0.19514502882656518
0.5529192602107097
0.1596334562694086
0.0
0.6091053860361805
0.0
0.0
-0.43057703524625673
0.0
0.0
-0.10353111916076944
0.020241246555104668
0.2490445052914945
0.09513961028451319
0.2113013967912977
0.2187718613451219
0.0
0.2204441049770043
0.0
-0.14004728812806752
0.26674520324546436
0.1596334562694086
0.1596334562694086
0.0
0.0
-0.06450686688934092
-0.08580946408322815
-0.03212453504500048
-0.021560393993228885
-0.24274882583185903
-0.2732463589277262
0.29941332665792775
0.0
0.6104115911586533
0.0
0.0
0.0
0.0
0.0
0.0
0.0
0.0
0.0
0.0
0.3930101972252072
0.0
0.0
0.11515149374027182
0.0
0.0
0.0
-0.07848236684555962
0.0
-0.23213214868055204
0.0
-0.0122294885196635
0.0
0.0
0.0
0.0
0.0
0.0
0.37293241119876774
0.0
0.12114665512609489
0.0
3.469446951953614e-18
0.02024124655510466
0.07195729030014728
0.0
0.05008379282900341
0.07462424313832208
0.0
0.0
0.036864092806588
0.09203266230741396
0.0
-0.34890192206717724
-0.291366919235842
0.2279168409693451
0.0
-0.12699644494697376
0.0
0.14202363988064903
0.14202363988064903
-0.4525237205509469
0.6428710374765143
0.0
0.0
0.0
-0.34890192206717724
-0.14512856300737065
0.0
-0.25113787002327803
3.382710778154774e-17
0.08508450115680048
0.40700502727851645
0.0
0.0
0.0
0.06302695722593755
0.0
0.7588737147889864
0.0
0.0
0.0
1.734723475976807e-18
0.0
0.0
0.0
-0.11616178650678445
-0.11616178650678445
0.0
0.0
0.0
-0.34337584164046564
-0.09609435515673123
0.0
-0.042207190378006854
-0.3170610803285365
0.029870654548225715
0.0
0.0
0.029870654548225715
0.0
0.08508450115680048
0.08508450115680048
0.0
0.08684222166166755
0.0
0.0
0.0
0.0
0.0
-0.2612276117594186
0.0
0.0
0.0
-0.0707669898038393
-1.739262971210939
-0.04086964730809377
1.5612511283791264e-17
0.0
0.06268288720178046
0.06268288720178046
-5.719166459861036e-18
0.0
0.0
0.18967507996043115
0.27618561791548074
0.09222851966776885
0.0
0.044241403537214015
0.0
0.0
0.0
0.0
0.06880059170818215
5.204170427930421e-18
0.0
-5.719166459861036e-18
0.06880059170818213
0.0
-0.5502107996194461
-0.07690782395932716
0.0
-0.19305269282842014
0.00200423324144035
0.0
0.0
8.673617379884035e-18
0.0
0.1596334562694086
0.04798711613055508
0.0
0.0
-0.03367216149351594
-0.21789333259149074
-0.25769475774232653
0.0
0.0
0.0
-0.13644719975641229
0.0
0.0
-1.0755285551056204e-16
-0.14975598286837902
0.0
0.0
0.0
0.0
0.0
0.0
0.0
0.0
0.08508450115680057
0.0
-1.5222251512051383
0.0
0.07496149122122933
0.5733519356813799
0.0
0.0
0.326291498041389
0.0
0.0
0.06880059170818213
0.0
0.07496149122122933
0.0
0.0
0.1981854930139807
-0.14004728812806752
0.6280005080457598
0.08508450115680048
0.0
-0.2821541511040422
0.6104386630165763
-0.34890192206717724
0.0
-0.19621394053304433
0.0
-0.05237148265655391
0.0
0.0
0.0
0.7062567330146006
0.0
0.0
-0.6118901650677167
-0.21790910515808168
0.0
0.0
0.0
-0.0002035963684932831
0.0
0.0
0.0
0.0
0.0
0.0
0.6601312960201627
-0.24386762042994412
0.0
0.0
0.11158842000724324
0.0
0.11158842000724324
0.0
0.0
0.0
0.0
0.0
-0.12901373377868183
0.0
-0.11653579866865478
-5.719166459861036e-18
0.0
0.05582479643803904
-0.06450686688934092
-0.08151864136664438
0.0
0.0
0.33076567152948955
0.0
0.33076567152948955
0.0
0.0
0.0
-0.01981799116551736
-0.033558717120020884
0.0
-0.36713580469909346
0.0
0.0
0.0
-0.21252421264429022
0.0
-0.34890192206717724
0.01489551565690227
0.0
0.0
0.0
0.0
0.0
0.0
0.0
0.0
0.0
0.0
0.0
0.0
0.3396690814077546
0.0
0.0
0.0
0.24713448797165197
0.0
0.0
0.0
-0.7228944159933156
0.0
0.22745792486301594
-0.03355871712002089
0.0
0.0
0.0
0.6292308606624335
0.0
0.0
0.0
0.0
0.0
-0.11653579866865475
0.0789207321181359
0.0789207321181359
0.12114665512609489
0.0
0.0
0.0
-0.14004728812806752
0.0
0.10914445951918089
3.382710778154774e-17
1.0607424078834156
0.0
0.5733519356813799
-0.04130396312318207
-0.03699817043900389
-0.21790910515808168
0.053278430989189184
0.04187116930344589
0.0789207321181359
0.0
0.0
0.0
0.0
0.0
-0.19068643938977148
0.0
0.0964502899457187
0.0
0.009855281985872703
0.0
-0.010460646278318655
0.0
0.0
-0.5277793386986889
0.0
0.00200423324144035
0.0
0.0
0.2727180383184331
0.0
0.0
0.0
0.0
0.0
-5.719166459861036e-18
0.0
0.11158842000724324
0.0
0.0789207321181359
0.2670539860781562
0.37228508512843345
0.0
0.0
0.4302458073724231
0.08508450115680048
0.14772139079428645
-0.7206722627385238
-0.17039270909390603
-0.004305792684178271
0.0
-0.004305792684178205
1.1275702593849246e-17
-0.024757631334323293
0.0
0.0
-0.03367216149351594
0.0
-0.6334727644022015
0.10789530023684157
0.446742317482575
0.7062567330146006
0.06014045704455679
-0.007845369002445398
0.0
0.0
0.27286285691569045
0.0
0.0
-0.15020796016217042
-0.03367216149351594
0.1763149831188063
0.06276134430444136
0.3263284997618059
0.12114665512609489
-0.08530820793710554
0.0
0.08508450115680048
0.0
-0.9801675030048015
-0.36713580469909346
0.0
0.48827830411326406
0.03493531081823269
0.0
0.17320104683762105
-0.14997844944972208
0.1435806175182782
0.17959887876906466
0.0
0.0
0.0
0.020241246555104668
0.0
0.011407261685743365
0.09762444044570096
0.0
0.0
-1.2602066165695478
2.219925798015297
0.551825220597477
-0.033558717120020884
0.15176951121002194
0.0
0.0
0.30882142186595274
0.0
0.0
0.029870654548225715
0.27895076731772694
0.0
0.0
0.0
-0.1876187395560915
-0.1876187395560915
0.0
0.0
0.2205831155233423
0.020241246555104668
-0.007845369002445398
0.0
-0.010460646278318655
0.0
0.0
0.0
-0.015507687707939016
0.0
0.0
0.0
0.5062851015909964
-0.19468349284281444
0.0
-0.15688187702144524
0.0
0.0
0.0
0.0
0.0
0.0
0.0
0.0
0.0
0.0
0.0
0.0
-0.16053141879285335
0.0
0.0
0.0
0.0
0.0
-0.17548354077115264
0.02397017416959234
0.0
0.0
0.0
-0.09760696679316777
0.0
0.0
0.0
-0.21384775116776655
-0.2286245607929148
-0.2286245607929148
0.0
-0.08151864136664438
0.32482397062844637
0.0
0.0
0.07068019237524518
-0.20869926072865375
-0.25075375196181365
-0.3634486948027247
-0.058116569255471644
0.0
0.14839129272603724
-0.08542946538636267
0.0
0.3970380780869884
0.0
0.0
0.0
0.04047695336640256
0.0
0.0
0.32015241796230665
0.0
0.0
0.0
0.0
-0.0002035963684932831
-0.1787390576228177
0.0
-0.16411384567790066
0.0
0.0
-0.17548354077115264
0.00661889011715383
-0.2835689708306255
0.17028744569554338
0.08684222166166755
0.0
0.0
0.0
0.0
-0.14897828226873217
0.0
0.0
0.1187894434761965
0.0
-0.20481708471174237
0.0
0.0
-0.0122294885196635
0.0
0.0
0.0
0.0
0.0
-0.013481245100919224
-1.3266725069572844
0.0
0.0
-0.10021585626579357
-0.09609435515673123
0.18679959526391932
-0.07848236684555962
-0.07492326215442677
-0.42422753715070444
-0.1787390576228177
0.0
0.14772139079428645
0.14772139079428645
0.0
-0.405624324925957
0.0
0.0
1.734723475976807e-18
0.3121608139777234
-0.33327658992437326
0.0
0.11858614074248058
0.0
-0.18094904385125543
0.0
0.3932858039413006
0.0
0.0
0.06302695722593755
0.0
0.0
0.0
0.0
0.0
0.2471344879716519
-0.010460646278318593
0.38676356345304475
0.02397017416959234
0.08287126169083331
0.0
0.0
0.08218094071180106
0.12488758554812787
-0.172613365752178
0.0
0.0
0.0
-0.11956787852212465
-0.11956787852212465
0.0023288081605989594
0.0
0.0
0.049263314827758656
0.03743766111792594
0.0
0.0
0.0
0.0
0.0
0.0
0.041947416338522385
0.0
-0.18501240931658886
0.0
0.0
-0.2472814864837346
0.0
0.0
0.0
0.07182185913455338
0.0
0.25586977179731446
0.25586977179731446
0.0
0.06880059170818213
0.0
0.2820942229247309
0.03961896515705842
0.0
0.029870654548225708
0.029870654548225736
0.029870654548225715
0.0
0.0
0.0
0.0
0.0
0.0
0.0
-0.44296341505715964
0.06276134430444136
0.0
0.0
0.0
-0.007845369002445384
0.0
0.0
0.0
0.0
0.0
0.0
0.0
0.2204441049770043
0.0
0.0
-0.21036805746969597
0.0
0.0
0.0
0.2639056304095151
0.1981854930139807
0.0
-0.7014809476091489
0.0
0.0
0.0
0.00200423324144034
0.00200423324144035
0.06302695722593755
0.07708647331558871
0.0
0.0
0.0
-0.4320053567422091
0.014980405993641248
-0.5338279843975164
0.0
0.0
0.0
0.0
0.0
0.1486851266449083
0.006946662560771828
-0.16290442339737995
0.0
0.0
0.0
0.029202627184420495
0.06276134430444136
0.0
0.0
0.0
0.0
0.36725456820053637
0.0
0.0
0.0
0.0
0.0
0.0
0.0
0.0
-0.34890192206717724
0.0
0.0
-0.2651676299930917
0.0
-1.0665630973333942
0.0
0.031544996572903286
0.0
0.0
0.0
0.0
0.0
0.006946662560771828
0.2748538899505297
-0.3426869814505537
0.0
0.0
0.40755996147020124
0.0
0.0
0.5879690281589585
-0.05677916704331733
0.0
-0.24386762042994412
-0.24386762042994412
0.0
0.0
0.0
0.2746435684165069
0.1486851266449083
0.0
0.0
0.0
0.0
0.0
0.0
0.15390489500698146
0.1981854930139807
-0.19621394053304433
-0.172613365752178
-0.172613365752178
0.0
0.0
0.03743766111792593
0.0
0.3610367631830482
0.0
-0.6006243798053327
0.9699165652680449
0.0
0.0
-0.21990266016088847
-0.24996187376221626
0.0
0.28474350289823136
0.0
0.4934923433964466
0.0
-0.3830335912384426
1.734723475976807e-18
-0.1870532869792457
-0.1870532869792457
0.0689473312293781
0.0964502899457187
0.0
0.0
-0.16199232511612766
-0.39653245255112124
-0.7798569072633661
0.0
0.0
0.0
0.041947416338522385
0.3138579647721812
-0.11956787852212465
0.0
0.0
0.04798711613055508
-0.20650786198150833
-0.11653579866865474
0.6838223043725149
0.0
-0.11956787852212465
0.0
0.0
3.469446951953614e-18
0.0
0.0
0.0
0.0
0.08508450115680048
0.25228330468392857
0.0
0.0
0.0
0.0
0.0
-0.033558717120020884
0.0
0.0
0.0
0.3079347307385718
0.0
0.06880059170818213
0.0
0.0
0.38175630597372123
-0.7609660586516114
0.0
0.0
0.11878944347619647
0.0
0.14772139079428645
0.8969322690998814
0.0
0.0
0.8969322690998814
0.0
0.0
0.0
0.0
-0.43147712191228677
-0.08151864136664438
0.0
0.0
0.959215583757225
0.0
0.0
0.0
0.0
-0.21790910515808168
0.0
0.014931648579074329
0.0
0.0
-0.08151864136664438
0.0
0.0
0.6378627436952389
-0.08998444918068119
0.0
0.08684222166166755
0.2925820379993249
0.1981854930139807
0.0
0.0
0.7556973451730602
0.0
-0.15809538132528306
-0.17701179475205114
-0.06839801632181532
0.3968224918956785
0.0
0.0
0.0
-0.11319055018203547
0.07182185913455338
-0.18501240931658886
-0.33060494034484056
0.08058884213687621
0.0
0.0
0.0
0.04798711613055508
0.0
0.07174268377146982
0.08684222166166755
0.06276134430444136
0.0
0.0
-0.11616178650678444
0.5627269124960299
0.0
0.0
-0.18028117562899937
-0.18845498282149784
-0.13044168418438495
0.039801425150835984
0.0
0.0
-0.21583439591219258
0.0
0.11158842000724324
0.1981854930139807
8.673617379884035e-18
8.673617379884035e-18
0.0
1.362216123902928
1.235990476633475e-17
0.0
0.031874887789666025
0.00200423324144035
-1.0755285551056204e-16
0.19717066322822707
0.0
0.0
0.0
0.0
0.030497533095865538
0.0
-0.06450686688934092
0.0
0.0
0.0
-0.33327658992437326
0.0
0.0
0.0
-0.8019230891085872
-0.16199232511612766
-0.6354555482489584
-0.11616178650678444
0.0
0.0
0.06302695722593755
0.08684222166166755
-0.0587915085765408
0.0
0.1923597206805976
-0.25115122925713634
0.0
-0.03212453504500048
-0.6906198559483292
0.0801626941721832
-0.25769475774232653
5.204170427930421e-18
0.0
-0.06450686688934092
0.0
0.0
0.0
0.0
0.37606155146096387
-0.9308807383393571
0.3809569903236355
0.07708647331558871
0.07708647331558871
-0.20650786198150833
0.0
3.469446951953614e-18
0.7278042981800252
-0.09564761001769953
0.014980405993641248
0.0
0.0
0.0
0.0
0.0
0.0
0.041947416338522385
0.9098483829782608
-0.36141880714883207
0.0
-0.17039270909390603
-0.19621394053304433
-0.19621394053304433
-0.1612422816323459
-0.1612422816323459
-0.0815186413666444
-0.08151864136664438
0.0
0.0
0.0
0.0
0.0
-0.5356788016033336
0.06212207865506311
-0.17548354077115264
0.3532898534246363
0.03588752528061984
0.0
0.0
0.0
0.0
0.5085395551850174
-0.2977550734749884
0.041947416338522385
0.0
0.0
0.0
0.0
0.0
0.0
0.0
0.1923597206805976
0.0
0.0
0.0
0.08554376654590795
0.0
-0.35158986803545894
0.0
0.0
-8.673617379884035e-19
0.0
0.0
0.660131296020163
8.673617379884035e-18
-0.11653579866865475
0.0
0.36470898648925576
0.0
-0.47427368787921176
0.0
0.0
0.0
0.5152893400263852
0.0
-0.30041454408489743
0.8406522727141461
0.3932858039413006
0.20034186896823755
0.0
0.0
0.0
0.0
0.10914445951918089
0.11158842000724324
0.6761230380547937
-1.8929969538707456
0.0
0.0
0.0
0.0
1.2016410247348288
-1.9934982858557047
-0.7830685221889211
0.0
-0.7617803632072473
0.0
0.0
0.0
0.0
0.0
0.0
0.0
0.0
-0.25075375196181365
0.0
0.0
0.0
0.0
0.0
-0.010677908228549002
0.06572013739553471
0.0
0.0
0.17028744569554338
0.0
-4.0766001685454967e-17
0.11158842000724326
0.0
0.1981854930139807
0.0
-0.016920853735098718
0.0
-0.12268932440010952
-0.12268932440010943
0.3932858039413006
0.2234819165098449
0.0
0.2616775301175678
0.0
-0.16962790761796492
-0.4434824744302388
-0.24996187376221626
0.0
0.0
0.0
0.06276134430444136
0.10711174697605584
0.10711174697605581
0.0
0.1443719612027107
0.0
0.0
0.0
-1.7780792396464917
0.3138579647721812
0.0
0.3261413261670425
0.08684222166166755
0.0
3.469446951953614e-18
0.0
0.318451953366315
0.0
-0.15252901969208454
-0.1824898316793671
0.0
0.0
-0.01987192344002098
0.0
0.0
0.12819994911568
-0.3284900400818943
0.005492783878644415
-0.4216817410757271
6.938893903907228e-18
0.0
-3.0357660829594124e-18
0.0
-0.31580326840987133
0.07262093847507244
-0.1547369514876683
0.9699165652680449
0.0
-0.33159764149189147
0.0
0.0
0.0
0.0
0.0
-0.05544846282565505
-0.1870532869792457
-0.1870532869792457
0.0
-0.13644719975641229
0.4858556416153491
-0.09475143834574462
0.27693386732847897
0.0
0.0
-0.3234337793216599
0.0
0.0
0.0
-0.20869926072865375
-0.11972200162158511
0.21889079106711312
0.05582479643803904
0.0
0.0
-0.053930385744457715
0.0
0.08570555429952624
0.0
0.0
0.04101565214717377
-0.4742736878792117
-0.4824112908123064
-0.7651898462112388
0.0
0.07496149122122933
0.07496149122122933
0.0
-0.08307041364254783
-0.24977033063419177
-0.5504143959879398
0.0
-0.25113787002327803
0.0
0.0
0.0
0.04194741633852239
0.0
0.0
0.0
0.0
0.0
-0.15199229858350147
0.22454344956214023
0.07486649397175542
0.08570555429952624
0.2825543963374886
5.204170427930421e-18
0.0
0.049263314827758656
0.0
0.0
0.0
0.03961896515705842
0.0
-0.007845369002445398
0.0
0.0
0.039801425150835984
-0.35217788953941614
-0.11956787852212465
0.05582479643803904
-0.09047452192562769
0.0
0.0
0.2746435684165069
0.0
0.0
0.0
-0.033558717120020884
0.0
0.20034186896823755
0.0
0.06125903587712279
0.0
0.41700507582175156
0.0
-0.909819366218477
0.0
-0.22841796486202326
0.3932858039413006
0.0
0.0
0.0
-0.08151864136664438
0.04798711613055508
0.0
0.0
0.0
0.06276134430444136
0.0
0.0
0.0
0.0
0.0
-0.06450686688934092
0.0
0.0
0.0
0.0
-0.26392654873213883
0.0
0.0
0.4981387372259398
0.07708647331558871
0.1482225398405817
0.1482225398405817
0.1482225398405817
0.08684222166166757
0.681026871515878
0.08684222166166755
0.0
0.495728164075053
0.0
-0.38732886671711675
-0.08189640659266656
0.17892903652212072
0.0
0.2875504347481177
-0.01987192344002098
0.10161333831969567
0.029870654548225715
0.029870654548225715
0.0
0.0
-0.6727411738284717
0.6893101361763864
0.030497533095865538
0.0
-0.11653579866865475
0.06880059170818213
0.06880059170818213
0.0
0.03961896515705842
0.029870654548225715
-0.07690782395932716
0.0
0.0
0.014980405993641248
0.03743766111792594
0.0
0.0
-0.7875422222226315
0.0
0.0
0.0
0.0
0.0
0.0
0.05038678081154705
0.03743766111792594
0.041947416338522385
0.13343388921107585
0.0
0.0
0.0
0.0
0.0
0.2962861333336097
-0.3489019220671773
0.0
-0.15728758800625495
0.0
0.0
0.0
0.0
0.0
-0.3155292698366607
-0.43669416438861436
0.0
-0.32278078960030293
0.0
0.07496149122122933
0.1492696189234494
-0.21790910515808168
-0.21790910515808168
0.08508450115680048
0.1981854930139807
-0.2286245607929148
-0.39689711234505426
-0.004305792684178205
0.0
0.0
0.4923998052223272
0.0
0.05334118925418474
-3.469446951953614e-18
0.05334118925418474
0.4187160946858266
0.0
-0.17076793514684072
0.0
0.303870517008047
0.303870517008047
0.0
0.0
0.0
0.0
